TEAM_ID,Team,TEAM_NAME,GP,W,L,W_PCT,MIN,FGM,FGA,FG_PCT,FG3M,FG3A,FG3_PCT,FTM,FTA,FT_PCT,PTS,PLUS_MINUS,EFG_PCT,TS_PCT,SHOOTING_SCORE
1610612737,ATL,Atlanta Hawks,77,0.6136363636363636,0.3953488372093023,0.6109154929577464,0.20000000000000284,4.798,0.9599999999999997,2.437775862068963,1.3160819672131148,0.6240620689655171,1.0790370370370361,0.49124050632911415,0.4313414634146345,0.6058461538461546,0.0,0.6043478260869565,2.591407407407413,2.199553571428566,18.13869386379747
1610612738,BOS,Boston Celtics,76,0.7727272727272727,0.20930232558139536,0.7869718309859155,0.0,3.6181639344262297,0.8018823529411772,1.7300344827586223,1.5609344262295082,0.8052413793103448,0.8478148148148135,0.21053164556962017,0.0,0.9776153846153858,0.0,0.8173913043478261,2.2674814814814863,1.8476249999999939,15.484716206495007
1610612739,CLE,Cleveland Cavaliers,77,0.7045454545454546,0.3023255813953488,0.7024647887323944,0.20000000000000284,4.6406885245901615,0.7679999999999993,2.90960344827586,1.2854754098360655,0.6643241379310344,0.7322037037037024,0.7719493670886075,0.7828048780487806,0.5920769230769237,0.0,0.6826086956521739,3.1582777777777844,2.991392857142853,19.979405723123946
1610612740,NOP,New Orleans Pelicans,77,0.18181818181818182,0.8372093023255814,0.1778169014084507,0.3999999999999915,3.5395081967213105,0.7792941176470592,1.7300344827586223,0.3060655737704917,0.14091724137931044,0.23122222222222033,1.0351139240506328,1.0384146341463412,0.6884615384615393,0.0,0.30869565217391304,0.4858888888888899,0.7038571428571344,10.987473615077466
1610612741,CHI,Chicago Bulls,76,0.2727272727272727,0.7209302325581395,0.278169014084507,0.20000000000000284,3.9327868852459007,0.7905882352941174,2.044586206896549,1.3160819672131148,0.6844551724137928,0.7707407407407394,0.5614177215189873,0.5112195121951223,0.6333846153846161,0.0,0.29130434782608694,2.3484629629629676,2.0235892857142797,15.908617653406274
1610612742,DAL,Dallas Mavericks,76,0.1590909090909091,0.8372093023255814,0.16197183098591547,0.7999999999999972,3.4608524590163916,0.688941176470589,1.8873103448275879,0.15303278688524585,0.0872344827586205,0.03853703703703708,0.9123037974683544,1.086341463414634,0.20653846153846175,0.0,0.25652173913043474,0.4858888888888899,0.3519285714285624,9.615431208864807
1610612743,DEN,Denver Nuggets,77,0.7272727272727273,0.27906976744186046,0.7253521126760564,0.7999999999999972,4.483377049180329,0.4404705882352946,4.089172413793103,1.193655737704918,0.36906896551724133,2.081,1.2456455696202535,1.1662195121951218,1.0189230769230782,0.0,0.7130434782608696,4.373,4.927,26.100576391430206
1610612744,GSW,Golden State Warriors,77,0.4318181818181818,0.5813953488372093,0.4295774647887324,0.3999999999999915,2.910262295081969,0.666352941176471,1.4154827586206908,1.7445737704918032,0.973,0.578055555555554,0.49124050632911415,0.33548780487804886,0.9638461538461549,0.0,0.4913043478260869,2.2674814814814863,2.111571428571423,14.948659043858804
1610612745,HOU,Houston Rockets,76,0.6818181818181818,0.3023255813953488,0.6936619718309859,1.0,4.090098360655739,0.7002352941176471,2.595051724137929,0.3672786885245904,0.08052413793103444,0.9248888888888877,0.6491392405063291,0.7029268292682928,0.4130769230769235,0.0,0.7000000000000001,1.5386481481481513,1.2317499999999926,13.993618235255516
1610612746,LAC,LA Clippers,77,0.5,0.5116279069767442,0.4964788732394366,0.3999999999999915,2.3596721311475406,0.0,3.3027931034482747,0.6427377049180331,0.22815172413793094,0.9248888888888877,1.140379746835443,0.9585365853658534,1.253,0.0,0.5521739130434782,3.0772962962963026,3.871214285714283,18.31084437979603
1610612747,LAL,Los Angeles Lakers,77,0.75,0.2558139534883721,0.7482394366197183,0.0,3.6181639344262297,0.06776470588235388,4.561,0.5203114754098362,0.21473103448275835,0.578055555555554,1.1754683544303797,1.2780487804878045,0.48192307692307745,0.0,0.5695652173913043,4.130055555555555,4.399107142857142,21.594194833401993
1610612748,MIA,Miami Heat,77,0.5227272727272727,0.4883720930232558,0.5193661971830986,0.0,4.719344262295081,1.152,1.6513965517241393,1.040622950819672,0.523406896551724,0.6551296296296282,1.0526582278481014,1.006463414634146,0.826153846153847,0.0,0.6,1.2957037037037065,1.4956964285714218,16.018575911931467
1610612749,MIL,Milwaukee Bucks,76,0.29545454545454547,0.6976744186046512,0.301056338028169,0.20000000000000284,2.7529508196721304,0.25976470588235256,2.673689655172412,1.4385081967213114,0.5703793103448275,1.7341666666666662,0.0,0.03195121951219557,0.0,0.0,0.2434782608695652,3.4822037037037017,2.551482142857138,15.738574681402302
1610612750,MIN,Minnesota Timberwolves,76,0.6590909090909091,0.32558139534883723,0.6707746478873239,0.3999999999999915,4.0114426229508195,0.5760000000000007,2.988241379310343,1.0712295081967211,0.4697241379310345,1.0790370370370361,0.8947594936708865,1.0384146341463412,0.24784615384615413,0.0,0.6652173913043479,2.996314814814821,2.8154285714285674,18.853655744637074
1610612751,BKN,Brooklyn Nets,76,0.022727272727272728,0.9767441860465116,0.02288732394366194,0.20000000000000284,0.0,0.13552941176470615,0.0,0.9181967213114752,0.5770896551724138,0.0,0.7017721518987343,0.6709756097560977,0.6333846153846161,0.0,0.09565217391304345,0.0,0.08798214285714302,3.82058248205823
1610612752,NYK,New York Knicks,77,0.7272727272727273,0.27906976744186046,0.7253521126760564,0.20000000000000284,4.168754098360658,0.7228235294117652,2.595051724137929,1.2854754098360655,0.556958620689655,1.2717222222222213,0.508784810126582,0.3993902439024389,0.826153846153847,0.0,0.7695652173913043,2.834351851851858,2.639464285714281,18.578495859798604
1610612753,ORL,Orlando Magic,76,0.5227272727272727,0.46511627906976744,0.5316901408450705,0.5999999999999943,2.674295081967211,0.5534117647058828,1.494120689655174,0.4590983606557376,0.2818344827586204,0.03853703703703708,1.386,1.31,1.0189230769230782,0.0,0.5,0.6478518518518532,1.4077142857142786,11.771786631268876
1610612754,IND,Indiana Pacers,76,0.022727272727272728,0.9767441860465116,0.02288732394366194,0.20000000000000284,2.7529508196721304,0.666352941176471,1.2582068965517255,0.9488032786885248,0.4898551724137929,0.578055555555554,0.6140506329113925,0.5910975609756101,0.578307692307693,0.0,0.15652173913043477,1.0527592592592614,0.7918392857142775,10.478800834356868
1610612755,PHI,Philadelphia 76ers,76,0.5681818181818182,0.4186046511627907,0.5792253521126761,0.7999999999999972,3.5395081967213105,0.8131764705882353,1.5727586206896569,0.7039508196721312,0.36906896551724133,0.4239074074074057,1.087746835443038,0.9585365853658534,1.087769230769232,0.0,0.5,0.9717777777777798,1.4077142857142786,13.435915195666162
1610612756,PHX,Phoenix Suns,77,0.5681818181818182,0.4418604651162791,0.5651408450704226,0.20000000000000284,2.910262295081969,0.7905882352941174,0.8650172413793111,1.4385081967213114,0.744848275862069,0.8478148148148135,0.31579746835443057,0.20768292682926834,0.6609230769230777,0.0,0.5695652173913043,1.2957037037037065,0.7918392857142775,11.438550738069654
1610612757,POR,Portland Trail Blazers,78,0.5227272727272727,0.5116279069767442,0.5088028169014085,0.0,2.674295081967211,0.7567058823529412,0.7863793103448284,1.2854754098360655,0.8119517241379312,0.0,0.947392405063291,1.0384146341463412,0.4406153846153851,0.0,0.4826086956521739,0.9717777777777798,0.9678035714285635,11.163419877322509
1610612758,SAC,Sacramento Kings,77,0.06818181818181818,0.9534883720930233,0.06338028169014084,0.20000000000000284,3.22488524590164,0.666352941176471,1.7300344827586223,0.0,0.0,0.0,0.6315949367088611,0.6070731707317072,0.6196153846153853,0.0,0.06086956521739132,0.1619629629629633,0.0,7.702388690073042
1610612759,SAS,San Antonio Spurs,77,0.9545454545454546,0.046511627906976744,0.954225352112676,0.0,4.6406885245901615,0.7115294117647053,3.145517241379309,1.040622950819672,0.5301172413793102,0.7322037037037024,0.947392405063291,0.9265853658536584,0.70223076923077,0.0,0.8695652173913043,3.0772962962963026,3.167357142857139,20.491106270329325
1610612760,OKC,Oklahoma City Thunder,77,1.0,0.0,1.0,0.7999999999999972,4.3260655737704905,0.6324705882352949,3.066879310344826,1.040622950819672,0.5099862068965517,0.7322037037037024,0.9649367088607597,0.7828048780487806,1.2116923076923076,0.0,1.0,3.0772962962963026,3.4313035714285682,20.776262096097255
1610612761,TOR,Toronto Raptors,76,0.5681818181818182,0.4186046511627907,0.5792253521126761,0.3999999999999915,4.0114426229508195,0.609882352941177,2.8309655172413777,0.3672786885245904,0.1677586206896552,0.3468333333333315,0.6842278481012657,0.6869512195121951,0.5507692307692315,0.0,0.5956521739130435,1.7815925925925962,1.6716607142857076,14.30501491485499
1610612762,UTA,Utah Jazz,77,0.09090909090909091,0.9302325581395349,0.08626760563380284,0.5999999999999943,3.7754754098360683,0.8131764705882353,1.8086724137931052,0.795770491803279,0.4563034482758619,0.23122222222222033,1.087746835443038,1.054390243902439,0.8123846153846164,0.0,0.15217391304347827,1.2957037037037065,1.5836785714285646,13.866698339424612
1610612763,MEM,Memphis Grizzlies,76,0.18181818181818182,0.813953488372093,0.18485915492957747,0.0,3.22488524590164,0.7905882352941174,1.2582068965517255,1.0712295081967211,0.5770896551724138,0.5009814814814798,0.7719493670886075,0.6869512195121951,0.8674615384615395,0.0,0.31304347826086953,1.1337407407407432,1.1437678571428496,12.339895223804902
1610612764,WAS,Washington Wizards,76,0.0,1.0,0.0,0.20000000000000284,3.382196721311478,0.7905882352941174,1.494120689655174,0.856983606557377,0.42275172413793083,0.6551296296296282,0.38597468354430375,0.35146341463414665,0.5094615384615391,0.0,0.0,1.0527592592592614,0.6158749999999914,10.517304502484947
1610612765,DET,Detroit Pistons,77,0.8863636363636364,0.11627906976744186,0.88556338028169,0.3999999999999915,4.6406885245901615,0.7228235294117652,3.066879310344826,0.21424590163934454,0.06039310344827577,0.46244444444444277,1.0526582278481014,1.1821951219512195,0.39930769230769275,0.0,0.8478260869565217,1.8625740740740782,1.8476249999999939,16.359661017016425
1610612766,CHA,Charlotte Hornets,77,0.5454545454545454,0.46511627906976744,0.5422535211267606,0.20000000000000284,2.8316065573770497,0.6324705882352949,1.4154827586206908,1.867,0.8589241379310343,1.4644074074074067,0.7017721518987343,0.4952439024390245,1.1841538461538461,0.0,0.717391304347826,2.591407407407413,2.727446428571424,17.487306490389745
